Num	Gray	Converted to Binary	Number in Binary representation
------------------------------------------------------------------------
0	00000		0			00000
1	00001		1			00001
2	00011		3			00010
3	00010		2			00011
4	00110		6			00100
5	00111		7			00101
6	00101		5			00110
7	00100		4			00111
8	01100		12			01000
9	01101		13			01001
10	01111		15			01010
11	01110		14			01011
12	01010		10			01100
13	01011		11			01101
14	01001		9			01110
15	01000		8			01111
16	11000		24			10000
17	11001		25			10001
18	11011		27			10010
19	11010		26			10011
20	11110		30			10100
21	11111		31			10101
22	11101		29			10110
23	11100		28			10111
24	10100		20			11000
25	10101		21			11001
26	10111		23			11010
27	10110		22			11011
28	10010		18			11100
29	10011		19			11101
30	10001		17			11110
31	10000		16			11111


32	110000	
33	110001	
34	110011	
35	110010	
36	110110	
37	110111	
38	110101	
39	110100	
40	111100
41	111101
42	111111
43	111110
44	111010
45	111011
46	111001
47	111000
48	101000
49	101001
50	101011
51	101010
52	101110
53	101111
54	101101
55	101100
56	100100
57	100101
58	100111
59	100110

