0
[13, 5, 2, 8, 3, 4, 10, 6, 1, 12, 7, 9, 11, 0]
1
[9, 4, 5, 7, 12, 2, 3, 8, 0, 6, 13, 11, 10, 1]
2
[7, 10, 12, 5, 3, 11, 9, 8, 0, 13, 1, 4, 6, 2]
3
[6, 7, 4, 1, 0, 10, 12, 13, 9, 5, 8, 11, 2, 3]
4
[6, 5, 12, 13, 9, 3, 0, 8, 7, 11, 10, 1, 2, 4]
5
[13, 11, 3, 0, 4, 2, 7, 10, 12, 9, 8, 1, 6, 5]
6
[0, 2, 10, 3, 9, 1, 7, 13, 4, 11, 8, 12, 5, 6]
7
[8, 2, 5, 11, 4, 1, 9, 12, 0, 13, 6, 10, 3, 7]
8
[3, 5, 13, 9, 12, 4, 0, 1, 6, 7, 2, 11, 10, 8]
9
[10, 6, 0, 1, 11, 4, 12, 2, 13, 8, 3, 5, 7, 9]
10
[3, 0, 12, 1, 4, 7, 2, 11, 8, 5, 6, 13, 9, 10]
11
[6, 4, 2, 8, 1, 13, 3, 5, 9, 0, 12, 7, 10, 11]
12
[5, 11, 13, 4, 2, 7, 0, 1, 10, 8, 9, 3, 6, 12]
13
[4, 10, 8, 9, 11, 5, 6, 2, 0, 1, 12, 3, 7, 13]
